6 45 0
6 48 0
6 51 0
6 55 0
6 57 0
6 59 0
6 60 0
6 62 0
6 66 0
6 69 0
6 70 0
6 71 0
6 72 0
6 73 0
6 74 0
6 75 0
6 76 0
6 78 0
6 79 0
6 80 0
6 82 0
6 83 0
6 84 0
6 86 0
6 88 0
6 89 0
6 90 0
6 92 0
6 93 0
6 94 0
6 96 0
6 97 0
6 102 0
6 103 0
6 104 0
6 105 0
6 106 0
6 107 0
6 108 0
6 109 0
6 110 0
6 112 0
6 113 0
6 114 0
6 115 0
6 117 0
6 118 0
6 119 0
6 120 0
6 121 0
6 123 0
6 125 0
6 126 0
6 127 0
6 128 0
6 129 0
6 130 0
6 132 0
6 133 0
6 134 0
6 135 0
6 136 0
6 139 0
6 141 0
6 142 0
6 143 0
6 144 0
6 145 0
6 146 0
6 148 0
6 149 0
6 152 0
6 153 0
6 154 0
6 155 0
6 156 0
6 157 0
6 158 0
6 160 0
6 161 0
6 162 0
6 163 0
6 164 0
6 165 0
6 166 0
6 167 0
6 168 0
6 169 0
6 170 0
6 171 0
6 172 0
6 174 0
6 178 0
6 179 0
6 180 0
6 181 0
6 182 0
6 183 0
6 184 0
6 185 0
6 187 0
6 188 0
6 190 0
6 191 0
6 192 0
6 193 0
6 194 0
6 195 0
6 196 0
6 198 0
6 199 0
6 200 0
6 201 0
6 203 0
6 204 0
6 205 0
6 206 0
6 286 0
6 289 0
6 290 0
6 291 0
6 292 0
6 293 0
6 294 0
6 295 0
6 297 0
6 298 0
6 299 0
6 300 0
6 301 0
6 302 0
6 303 0
6 306 0
6 307 0
6 308 0
6 309 0
6 310 0
6 311 0
6 312 0
6 313 0
6 314 0
6 316 0
6 317 0
6 319 0
6 320 0
6 321 0
6 322 0
6 323 0
6 325 0
6 326 0
6 327 0
6 328 0
6 329 0
6 330 0
6 331 0
6 332 0
6 333 0
6 334 0
6 336 0
6 337 0
6 339 0
6 341 0
6 342 0
6 343 0
6 344 0
6 346 0
6 347 0
6 348 0
6 349 0
6 350 0
6 351 0
6 352 0
6 355 0
6 357 0
6 359 0
6 360 0
6 361 0
6 362 0
6 363 0
6 364 0
6 366 0
6 367 0
6 368 0
6 369 0
6 371 0
6 372 0
6 373 0
6 374 0
6 376 0
6 377 0
6 378 0
6 380 0
6 381 0
6 382 0
6 383 0
6 384 0
6 385 0
6 386 0
6 387 0
6 388 0
6 389 0
6 391 0
6 395 0
6 397 0
6 399 0
6 400 0
6 401 0
6 402 0
6 403 0
6 404 0
6 406 0
6 407 0
6 408 0
6 409 0
6 410 0
6 412 0
6 413 0
6 415 0
6 416 0
6 417 0
6 418 0
6 419 0
6 420 0
6 421 0
6 424 0
6 425 0
6 426 0
6 427 0
6 428 0
6 430 0
6 433 0
6 434 0
6 435 0
6 436 0
6 437 0
6 438 0
6 439 0
6 440 0
6 441 0
6 442 0
6 443 0
6 445 0
6 446 0
6 447 0
6 448 0
6 449 0
6 450 0
6 452 0
6 455 0
6 456 0
6 457 0
6 458 0
6 459 0
6 460 0
6 461 0
6 462 0
6 463 0
6 464 0
6 466 0
6 467 0
6 468 0
6 469 0
6 470 0
6 471 0
6 472 0
6 473 0
6 474 0
6 475 0
6 477 0
6 478 0
6 479 0
6 481 0
6 482 0
6 483 0
6 484 0
6 485 0
6 486 0
6 487 0
6 488 0
6 489 0
6 490 0
6 491 0
6 492 0
6 493 0
6 494 0
6 495 0
6 496 0
6 497 0
6 498 0
6 499 0
6 500 0
6 501 0
6 502 0
6 503 0
6 505 0
6 506 0
6 508 0
6 509 0
6 510 0
6 511 0
6 512 0
6 513 0
6 514 0
6 515 0
6 516 0
6 517 0
6 518 0
6 519 0
6 520 0
6 521 0
6 522 0
6 523 0
6 524 0
6 526 0
6 529 0
6 532 0
6 533 0
6 534 0
6 535 0
6 538 0
6 539 0
6 540 0
6 541 0
6 543 0
6 544 0
6 545 0
6 546 0
6 547 0
6 548 0
6 549 0
6 550 0
6 551 0
6 552 0
6 553 0
6 555 0
6 556 0
6 557 0
6 558 0
6 559 0
6 560 0
6 561 0
6 562 0
6 563 0
6 565 0
6 566 0
6 567 0
6 569 0
6 570 0
6 571 0
6 572 0
6 573 0
6 574 0
6 575 0
6 576 0
6 577 0
6 578 0
6 579 0
6 580 0
6 581 0
6 582 0
6 583 0
6 584 0
6 585 0
6 586 0
6 587 0
6 588 0
6 589 0
6 590 0
6 591 0
6 593 0
6 595 0
6 596 0
6 599 0
6 600 0
6 601 0
6 602 0
6 603 0
6 604 0
6 605 0
6 606 0
6 607 0
6 608 0
6 609 0
6 610 0
6 611 0
6 613 0
6 614 0
6 615 0
6 616 0
6 617 0
6 618 0
6 620 0
6 621 0
6 622 0
6 623 0
6 625 0
6 626 0
6 627 0
6 628 0
6 629 0
6 630 0
6 631 0
6 632 0
6 633 0
6 634 0
6 636 0
6 637 0
6 639 0
6 641 0
6 642 0
6 643 0
6 644 0
6 645 0
6 646 0
6 647 0
6 648 0
6 649 0
6 650 0
6 651 0
6 652 0
6 653 0
6 654 0
6 655 0
6 656 0
6 657 0
6 659 0
6 660 0
6 661 0
6 662 0
6 664 0
6 665 0
6 666 0
6 667 0
6 668 0
6 673 0
6 674 0
6 675 0
6 676 0
6 677 0
6 678 0
6 679 0
6 681 0
6 682 0
6 683 0
6 684 0
6 685 0
6 686 0
6 687 0
6 688 0
6 689 0
6 690 0
6 691 0
6 692 0
6 693 0
6 694 0
6 696 0
6 698 0
6 699 0
6 700 0
6 701 0
6 702 0
6 704 0
6 706 0
6 707 0
6 708 0
6 709 0
6 710 0
6 711 0
6 713 0
6 714 0
6 716 0
6 717 0
6 718 0
6 721 0
6 725 0
6 726 0
6 727 0
6 730 0
6 731 0
6 733 0
6 734 0
6 735 0
6 736 0
6 737 0
6 739 0
6 740 0
6 743 0
6 744 0
6 745 0
6 746 0
6 747 0
6 748 0
6 749 0
6 750 0
6 751 0
6 752 0
6 753 0
6 754 0
6 755 0
6 756 0
6 757 0
6 758 0
6 761 0
6 762 0
6 764 0
6 766 0
6 767 0
6 768 0
6 769 0
6 770 0
6 771 0
6 773 0
6 774 0
6 775 0
6 776 0
6 777 0
6 778 0
6 779 0
6 780 0
6 781 0
6 783 0
6 784 0
6 785 0
6 787 0
6 789 0
6 790 0
6 791 0
6 792 0
6 793 0
6 794 0
6 796 0
6 797 0
6 798 0
6 799 0
6 801 0
6 802 0
6 803 0
6 804 0
6 805 0
6 806 0
6 808 0
6 809 0
6 810 0
6 811 0
6 813 0
6 814 0
6 816 0
6 817 0
6 819 0
6 820 0
6 821 0
6 822 0
6 823 0
6 825 0
6 826 0
6 827 0
6 828 0
6 829 0
6 830 0
6 831 0
6 832 0
6 833 0
6 834 0
6 835 0
6 836 0
6 838 0
6 840 0
6 841 0
6 843 0
6 845 0
6 846 0
6 847 0
6 848 0
6 849 0
6 850 0
6 852 0
6 853 0
6 854 0
6 855 0
6 856 0
6 857 0
6 858 0
6 859 0
6 860 0
6 862 0
6 863 0
6 864 0
6 866 0
6 867 0
6 868 0
6 870 0
6 871 0
6 872 0
6 873 0
6 874 0
6 878 0
6 880 0
6 881 0
6 882 0
6 883 0
6 886 0
6 887 0
6 888 0
6 889 0
6 890 0
6 891 0
6 892 0
6 893 0
6 895 0
6 896 0
6 897 0
6 898 0
6 899 0
6 900 0
6 901 0
6 903 0
6 904 0
6 905 0
6 906 0
6 908 0
6 909 0
6 910 0
6 912 0
6 916 0
6 917 0
6 918 0
6 919 0
6 920 0
6 921 0
6 922 0
6 923 0
6 924 0
6 925 0
6 926 0
6 928 0
6 929 0
6 931 0
6 932 0
6 935 0
6 936 0
6 937 0
6 938 0
6 939 0
6 941 0
6 942 0
6 944 0
6 945 0
6 946 0
6 947 0
6 948 0
6 949 0
6 950 0
6 951 0
6 952 0
6 955 0
6 956 0
6 957 0
6 958 0
6 959 0
6 960 0
6 962 0
6 963 0
6 964 0
6 965 0
6 966 0
6 967 0
6 968 0
6 970 0
6 971 0
6 972 0
6 973 0
6 974 0
6 976 0
6 978 0
6 980 0
6 981 0
6 985 0
6 986 0
6 987 0
6 988 0
6 989 0
6 990 0
6 991 0
6 992 0
6 993 0
6 994 0
6 995 0
6 996 0
6 999 0
6 1004 0
6 1005 0
6 1006 0
6 1007 0
6 1008 0
6 1009 0
6 1010 0
6 1014 0
6 1015 0
6 1017 0
6 1018 0
6 1019 0
6 1020 0
6 1021 0
6 1022 0
6 1023 0
6 1025 0
6 1026 0
6 1028 0
6 1029 0
6 1032 0
6 1034 0
6 1035 0
6 1036 0
6 1037 0
6 1038 0
6 1039 0
6 1044 0
6 1045 0
6 1047 0
6 1049 0
6 1050 0
6 1052 0
6 1053 0
6 1054 0
6 1055 0
6 1056 0
6 1059 0
6 1060 0
6 1062 0
6 1063 0
6 1065 0
6 1066 0
6 1067 0
6 1068 0
6 1069 0
6 1070 0
6 1071 0
6 1073 0
6 1074 0
6 1076 0
6 1077 0
6 1078 0
6 1079 0
6 1080 0
6 1081 0
6 1082 0
6 1083 0
6 1085 0
6 1086 0
6 1087 0
6 1088 0
6 1089 0
6 1090 0
6 1091 0
6 1092 0
6 1093 0
6 1094 0
6 1095 0
6 1096 0
6 1097 0
6 1098 0
6 1099 0
6 1101 0
6 1102 0
6 1103 0
6 1104 0
6 1105 0
6 1107 0
6 1108 0
6 1110 0
6 1111 0
6 1112 0
6 1115 0
6 1116 0
6 1118 0
6 1119 0
6 1120 0
6 1121 0
6 1122 0
6 1125 0
6 1126 0
6 1127 0
6 1128 0
6 1129 0
6 1130 0
6 1131 0
6 1132 0
6 1133 0
6 1134 0
6 1136 0
6 1138 0
6 1139 0
6 1140 0
6 1141 0
6 1142 0
6 1143 0
6 1145 0
6 1146 0
6 1147 0
6 1148 0
6 1149 0
6 1150 0
6 1151 0
6 1152 0
6 1153 0
6 1154 0
6 1156 0
6 1157 0
6 1158 0
6 1159 0
6 1161 0
6 1162 0
6 1164 0
6 1165 0
6 1167 0
6 1168 0
6 1169 0
6 1172 0
6 1174 0
6 1175 0
6 1176 0
6 1177 0
6 1179 0
6 1180 0
6 1183 0
6 1186 0
6 1187 0
6 1188 0
6 1190 0
6 1192 0
6 1193 0
6 1194 0
6 1195 0
6 1196 0
6 1197 0
6 1198 0
6 1199 0
6 1200 0
6 1201 0
6 1202 0
6 1204 0
6 1207 0
6 1210 0
6 1212 0
6 1213 0
6 1214 0
6 1215 0
6 1217 0
6 1218 0
6 1220 0
6 1221 0
6 1222 0
6 1223 0
6 1224 0
6 1225 0
6 1226 0
6 1227 0
6 1229 0
6 1231 0
6 1232 0
6 1233 0
6 1234 0
6 1236 0
6 1237 0
6 1238 0
6 1239 0
6 1240 0
6 1244 0
6 1246 0
6 1248 0
6 1249 0
6 1250 0
6 1252 0
6 1253 0
6 1254 0
6 1255 0
6 1256 0
6 1257 0
6 1258 0
6 1259 0
6 1261 0
6 1262 0
6 1263 0
6 1266 0
6 1270 0
6 1272 0
6 1274 0
6 1275 0
6 1277 0
6 1278 0
6 1279 0
6 1281 0
6 1283 0
6 1285 0
6 1286 0
6 1290 0
6 1292 0
6 1293 0
6 1294 0
6 1295 0
6 1296 0
6 1298 0
6 1299 0
6 1301 0
6 1302 0
6 1303 0
6 1304 0
6 1305 0
6 1306 0
6 1307 0
6 1308 0
6 1309 0
6 1310 0
6 1312 0
6 1314 0
6 1317 0
6 1319 0
6 1320 0
6 1321 0
6 1323 0
6 1324 0
6 1327 0
6 1328 0
6 1329 0
6 1330 0
6 1331 0
6 1332 0
6 1333 0
6 1334 0
6 1335 0
6 1336 0
6 1337 0
6 1339 0
6 1340 0
6 1341 0
6 1342 0
6 1345 0
6 1346 0
6 1347 0
6 1348 0
6 1349 0
6 1350 0
6 1351 0
6 1352 0
6 1353 0
6 1354 0
6 1355 0
6 1356 0
6 1357 0
6 1358 0
6 1359 0
6 1360 0
6 1361 0
6 1362 0
6 1363 0
6 1364 0
6 1365 0
6 1366 0
6 1367 0
6 1368 0
6 1369 0
6 1370 0
6 1371 0
6 1372 0
6 1373 0
6 1374 0
6 1375 0
6 1376 0
6 1377 0
6 1379 0
6 1380 0
6 1381 0
6 1382 0
6 1383 0
6 1384 0
6 1385 0
6 1391 0
6 1392 0
6 1393 0
6 1394 0
6 1395 0
6 1397 0
6 1398 0
6 1399 0
6 1400 0
6 1401 0
6 1402 0
6 1404 0
6 1405 0
6 1406 0
6 1408 0
6 1409 0
6 1410 0
6 1411 0
6 1416 0
6 1417 0
6 1419 0
6 1420 0
6 1421 0
6 1422 0
6 1423 0
6 1424 0
6 1425 0
6 1426 0
6 1427 0
6 1428 0
6 1429 0
6 1430 0
6 1431 0
6 1432 0
6 1433 0
6 1436 0
6 1437 0
6 1438 0
6 1439 0
6 1440 0
6 1441 0
6 1443 0
6 1444 0
6 1445 0
6 1446 0
6 1447 0
6 1449 0
6 1450 0
6 1451 0
6 1452 0
6 1454 0
6 1455 0
6 1456 0
6 1457 0
6 1458 0
6 1460 0
6 1461 0
6 1462 0
6 1463 0
6 1464 0
6 1466 0
6 1467 0
6 1468 0
6 1469 0
6 1470 0
6 1472 0
6 1474 0
6 1476 0
6 1477 0
6 1478 0
6 1479 0
6 1480 0
6 1481 0
6 1482 0
6 1483 0
6 1484 0
6 1486 0
6 1487 0
6 1488 0
6 1489 0
6 1490 0
6 1492 0
6 1493 0
6 1494 0
6 1495 0
6 1496 0
6 1497 0
6 1498 0
6 1500 0
6 1501 0
6 1503 0
6 1504 0
6 1505 0
6 1506 0
6 1507 0
6 1509 0
6 1510 0
6 1512 0
6 1513 0
6 1515 0
6 1518 0
6 1519 0
6 1521 0
6 1522 0
6 1523 0
6 1524 0
6 1526 0
6 1527 0
6 1530 0
6 1531 0
6 1533 0
6 1534 0
6 1535 0
6 1536 0
6 1541 0
6 1542 0
6 1543 0
6 1548 0
6 1550 0
6 1551 0
6 1552 0
6 1554 0
6 1555 0
6 1557 0
6 1558 0
6 1560 0
6 1561 0
6 1562 0
6 1563 0
6 1565 0
6 1566 0
6 1568 0
6 1569 0
6 1570 0
6 1571 0
6 1572 0
6 1577 0
6 1578 0
6 1581 0
6 1583 0
6 1584 0
6 1585 0
6 1587 0
6 1588 0
6 1590 0
6 1591 0
6 1592 0
6 1593 0
6 1594 0
6 1595 0
6 1596 0
6 1597 0
6 1599 0
6 1600 0
6 1601 0
6 1602 0
6 1603 0
6 1604 0
6 1605 0
6 1606 0
6 1607 0
6 1608 0
6 1609 0
6 1610 0
6 1611 0
6 1613 0
6 1614 0
6 1615 0
6 1616 0
6 1618 0
6 1619 0
6 1620 0
6 1621 0
6 1623 0
6 1624 0
6 1626 0
6 1627 0
6 1628 0
6 1629 0
6 1631 0
6 1634 0
6 1635 0
6 1636 0
6 1638 0
6 1641 0
6 1642 0
6 1644 0
6 1645 0
6 1646 0
6 1647 0
6 1648 0
6 1649 0
6 1650 0
6 1652 0
6 1654 0
6 1655 0
6 1656 0
6 1658 0
6 1659 0
6 1660 0
6 1661 0
6 1662 0
6 1663 0
6 1664 0
6 1665 0
6 1666 0
6 1668 0
6 1669 0
6 1670 0
6 1671 0
6 1673 0
6 1674 0
6 1676 0
6 1678 0
6 1680 0
6 1681 0
6 1682 0
6 1683 0
6 1684 0
6 1686 0
6 1687 0
6 1688 0
6 1689 0
6 1692 0
6 1694 0
6 1695 0
6 1698 0
6 1700 0
6 1701 0
6 1702 0
6 1703 0
6 1704 0
6 1705 0
6 1706 0
6 1707 0
6 1708 0
6 1710 0
6 1712 0
6 1713 0
6 1714 0
6 1715 0
6 1717 0
6 1718 0
6 1719 0
6 1720 0
6 1721 0
6 1723 0
6 1724 0
6 1725 0
6 1726 0
6 1727 0
6 1728 0
6 1731 0
6 1732 0
6 1733 0
6 1735 0
6 1736 0
6 1737 0
6 1739 0
6 1740 0
6 1741 0
6 1742 0
6 1743 0
6 1745 0
6 1746 0
6 1747 0
6 1748 0
6 1750 0
6 1751 0
6 1752 0
6 1753 0
6 1754 0
6 1755 0
6 1758 0
6 1760 0
6 1761 0
6 1763 0
6 1764 0
6 1765 0
6 1766 0
6 1767 0
6 1768 0
6 1769 0
6 1770 0
6 1771 0
6 1773 0
6 1774 0
6 1775 0
6 1776 0
6 1777 0
6 1779 0
6 1780 0
6 1781 0
6 1782 0
6 1783 0
6 1785 0
6 1786 0
6 1787 0
6 1788 0
6 1789 0
6 1790 0
6 1791 0
6 1792 0
6 1793 0
6 1794 0
6 1796 0
6 1797 0
6 1799 0
6 1800 0
6 1801 0
6 1802 0
6 1803 0
6 1804 0
6 1805 0
6 1806 0
6 1807 0
6 1809 0
6 1810 0
6 1812 0
6 1813 0
6 1814 0
6 1816 0
6 1817 0
6 1818 0
6 1822 0
6 1823 0
6 1824 0
6 1825 0
6 1826 0
6 1827 0
6 1828 0
6 1829 0
6 1831 0
6 1833 0
6 1834 0
6 1835 0
6 1836 0
6 1837 0
6 1839 0
6 1843 0
6 1845 0
6 1846 0
6 1847 0
6 1848 0
6 1849 0
6 1850 0
6 1851 0
6 1855 0
6 1856 0
6 1858 0
6 1859 0
6 1861 0
6 1863 0
6 1864 0
6 1865 0
6 1866 0
6 1867 0
6 1870 0
6 1872 0
6 1873 0
6 1880 0
6 1883 0
6 1884 0
6 1887 0
6 1888 0
6 1889 0
6 1891 0
6 1892 0
6 1893 0
6 1894 0
6 1895 0
6 1896 0
6 1900 0
6 1901 0
6 1902 0
6 1903 0
6 1906 0
6 1908 0
6 1909 0
6 1912 0
6 1913 0
6 1914 0
6 1915 0
6 1916 0
6 1917 0
6 1920 0
6 1921 0
6 1926 0
6 1927 0
6 1928 0
6 1929 0
6 1930 0
6 1932 0
6 1933 0
6 1934 0
6 1935 0
6 1936 0
6 1937 0
6 1938 0
6 1939 0
6 1940 0
6 1941 0
6 1942 0
6 1944 0
6 1945 0
6 1947 0
6 1948 0
6 1949 0
6 1950 0
6 1951 0
6 1952 0
6 1954 0
6 1958 0
6 1959 0
6 1960 0
6 1961 0
6 1962 0
6 1963 0
6 1964 0
6 1967 0
6 1969 0
6 1971 0
6 1972 0
6 1974 0
6 1975 0
6 1976 0
6 1978 0
6 1979 0
6 1980 0
6 1981 0
6 1982 0
6 1983 0
6 1984 0
6 1986 0
6 1987 0
6 1989 0
6 1990 0
6 1993 0
6 1996 0
6 1997 0
6 1998 0
6 1999 0
6 2000 0
6 2002 0
6 2003 0
6 2004 0
6 2005 0
6 2007 0
6 2008 0
6 2010 0
6 2011 0
6 2012 0
6 2013 0
6 2014 0
6 2015 0
6 2016 0
6 2017 0
6 2018 0
6 2019 0
6 2020 0
6 2022 0
6 2023 0
6 2024 0
6 2026 0
6 2027 0
6 2028 0
6 2029 0
6 2030 0
6 2033 0
6 2034 0
6 2035 0
6 2038 0
6 2039 0
6 2040 0
6 2041 0
6 2042 0
6 2043 0
6 2044 0
6 2045 0
6 2046 0
6 2047 0
6 2049 0
6 2050 0
6 2051 0
6 2052 0
6 2053 0
6 2054 0
6 2055 0
6 2056 0
6 2057 0
6 2059 0
6 2060 0
6 2061 0
6 2062 0
6 2064 0
6 2066 0
6 2067 0
6 2068 0
6 2069 0
6 2071 0
6 2073 0
6 2074 0
6 2075 0
6 2076 0
6 2077 0
6 2078 0
6 2079 0
6 2080 0
6 2081 0
6 2082 0
6 2083 0
6 2084 0
6 2085 0
6 2086 0
6 2087 0
6 2089 0
6 2090 0
6 2091 0
6 2092 0
6 2093 0
6 2094 0
6 2095 0
6 2098 0
6 2099 0
6 2100 0
6 2101 0
6 2102 0
6 2104 0
6 2106 0
6 2107 0
6 2108 0
6 2109 0
6 2110 0
6 2111 0
6 2113 0
6 2114 0
6 2116 0
6 2117 0
6 2118 0
6 2119 0
6 2120 0
6 2121 0
6 2122 0
6 2123 0
6 2128 0
6 2129 0
6 2130 0
6 2133 0
6 2134 0
6 2135 0
6 2137 0
6 2138 0
6 2139 0
6 2140 0
6 2141 0
6 2143 0
6 2144 0
6 2764 0
6 2765 0
6 2766 0
6 2768 0
6 2769 0
6 2770 0
6 2771 0
6 2772 0
6 2774 0
6 2775 0
6 2776 0
6 2777 0
6 2780 0
6 2781 0
6 2782 0
6 2783 0
6 2784 0
6 2787 0
6 2789 0
6 2791 0
6 2792 0
6 2793 0
6 2794 0
6 2795 0
6 2796 0
6 2798 0
6 2799 0
6 2800 0
6 2801 0
6 2802 0
6 2803 0
6 2804 0
6 2805 0
6 2807 0
6 2808 0
6 2809 0
6 2810 0
6 2811 0
6 2812 0
6 2813 0
6 2815 0
6 2816 0
6 2818 0
6 2819 0
6 2820 0
6 2821 0
6 2822 0
6 2823 0
6 2825 0
6 2826 0
6 2828 0
6 2829 0
6 2831 0
6 2832 0
6 2833 0
6 2834 0
6 2837 0
6 2840 0
6 2841 0
6 2842 0
6 2843 0
6 2844 0
6 2845 0
6 2846 0
6 2847 0
6 2849 0
6 2850 0
6 2851 0
6 2853 0
6 2855 0
6 2856 0
6 2857 0
6 2858 0
6 2859 0
6 2861 0
6 2864 0
6 2865 0
6 2867 0
6 2870 0
6 7505 0
6 7506 0
6 7508 0
6 7510 0
6 7511 0
6 7512 0
6 7513 0
6 7514 0
6 7515 0
6 7516 0
6 7517 0
6 7519 0
6 7521 0
6 7522 0
6 7523 0
6 7524 0
6 7525 0
6 7526 0
6 7527 0
6 7528 0
6 7530 0
6 7531 0
6 7532 0
6 7533 0
6 7534 0
6 7535 0
6 7537 0
6 7538 0
6 7539 0
6 7540 0
6 7541 0
6 7543 0
6 7544 0
6 7545 0
6 7546 0
6 7547 0
6 7548 0
6 7549 0
6 7550 0
6 7551 0
6 7552 0
6 7553 0
6 7555 0
6 7556 0
6 7557 0
6 7558 0
6 7559 0
6 7561 0
6 7562 0
6 7563 0
6 7564 0
6 7565 0
6 7566 0
6 7567 0
6 7569 0
6 7570 0
6 7571 0
6 7572 0
6 7573 0
6 7574 0
6 7575 0
6 7576 0
6 7577 0
6 7578 0
6 7579 0
6 7580 0
6 7581 0
6 7582 0
6 7583 0
6 7584 0
6 7585 0
6 7586 0
6 7587 0
6 7588 0
6 7590 0
6 7591 0
6 7593 0
6 7594 0
6 7595 0
6 7597 0
6 7598 0
6 7599 0
6 7600 0
6 7601 0
6 7602 0
6 7604 0
6 7605 0
6 7606 0
6 7607 0
6 7609 0
6 7610 0
6 7611 0
6 7612 0
6 7613 0
6 7614 0
6 7615 0
6 7616 0
6 7617 0
6 7619 0
6 7620 0
6 7621 0
6 7622 0
6 7624 0
6 7625 0
6 7627 0
6 7628 0
6 7630 0
6 7631 0
6 7632 0
6 7633 0
6 7634 0
6 7635 0
6 7636 0
6 7639 0
6 7640 0
6 7641 0
6 7642 0
6 7645 0
6 7646 0
6 7647 0
6 7650 0
6 7651 0
6 7652 0
6 7653 0
6 7654 0
6 7655 0
6 7656 0
6 7657 0
6 7658 0
6 7659 0
6 7660 0
6 7661 0
6 7663 0
6 7664 0
6 7666 0
6 7667 0
6 7668 0
6 7669 0
6 7671 0
6 7672 0
6 7676 0
6 7677 0
6 7678 0
6 7679 0
6 7681 0
6 7684 0
6 7687 0
6 7688 0
6 7689 0
6 7690 0
6 7692 0
6 7694 0
6 7695 0
6 7696 0
6 7697 0
6 7698 0
6 7699 0
6 7700 0
6 7701 0
6 7702 0
6 7703 0
6 7704 0
6 7705 0
6 7706 0
6 7707 0
6 7708 0
6 7710 0
6 7711 0
6 7712 0
6 7713 0
6 7714 0
6 7715 0
6 7717 0
6 7718 0
6 7719 0
6 7720 0
6 7721 0
6 7723 0
6 7725 0
6 7727 0
6 7728 0
6 7729 0
6 7730 0
6 7731 0
6 7733 0
6 7734 0
6 7735 0
6 7736 0
6 7737 0
6 7738 0
6 7739 0
6 7741 0
6 7742 0
6 7744 0
6 7746 0
6 7747 0
6 7749 0
6 7750 0
6 7751 0
6 7753 0
6 7755 0
6 7756 0
6 7757 0
6 7758 0
6 7759 0
6 7760 0
6 7762 0
6 7765 0
6 7768 0
6 7769 0
6 7770 0
6 7772 0
6 7773 0
6 7775 0
6 7776 0
6 7777 0
6 7778 0
6 7779 0
6 7780 0
6 7781 0
6 7782 0
6 7783 0
6 7784 0
6 7785 0
6 7786 0
6 7787 0
6 7788 0
6 7789 0
6 7791 0
6 7794 0
6 7795 0
6 7796 0
6 7797 0
6 7798 0
6 7799 0
6 7800 0
6 7801 0
6 7802 0
6 7803 0
6 7805 0
6 7806 0
6 7807 0
6 7808 0
6 7809 0
6 7810 0
6 7811 0
6 7813 0
6 7814 0
6 7815 0
6 7816 0
6 7817 0
6 7818 0
6 7819 0
6 7820 0
6 7821 0
6 7822 0
6 7823 0
6 7824 0
6 7825 0
6 7826 0
6 7827 0
6 7828 0
6 7829 0
6 7831 0
6 7832 0
6 7833 0
6 7834 0
6 7836 0
6 7837 0
6 7839 0
6 7840 0
6 7841 0
6 7842 0
6 7843 0
6 7844 0
6 7845 0
6 7846 0
6 7847 0
6 7848 0
6 7849 0
6 7850 0
6 7852 0
6 7853 0
6 7854 0
6 7855 0
6 7856 0
6 7857 0
6 7858 0
6 7859 0
6 7860 0
6 7861 0
6 7862 0
6 7863 0
6 7864 0
6 7865 0
6 7867 0
6 7868 0
6 7871 0
6 7874 0
6 7875 0
6 7876 0
6 7880 0
6 7882 0
6 7883 0
6 7884 0
6 7886 0
6 7887 0
6 7888 0
6 7889 0
6 7891 0
6 7893 0
6 7895 0
6 7896 0
6 7898 0
6 7899 0
6 7900 0
6 7901 0
6 7903 0
6 7904 0
6 7905 0
6 7906 0
6 7907 0
6 7909 0
6 7910 0
6 7911 0
6 7912 0
6 7916 0
6 7917 0
6 7919 0
6 7921 0
6 7922 0
6 7923 0
6 7924 0
6 7925 0
6 7926 0
6 7927 0
6 7928 0
6 7929 0
6 7930 0
6 7931 0
6 7932 0
6 7933 0
6 7934 0
6 7937 0
6 7939 0
6 7940 0
6 7941 0
6 7943 0
6 7944 0
6 7946 0
6 7949 0
6 7950 0
6 7951 0
6 7954 0
6 7955 0
6 7958 0
6 7959 0
6 7961 0
6 7962 0
6 7964 0
6 7965 0
6 7966 0
6 7967 0
6 7968 0
6 7970 0
6 7971 0
6 7972 0
6 7973 0
6 7974 0
6 7975 0
6 7976 0
6 7977 0
6 7978 0
6 7979 0
6 7982 0
6 7983 0
6 7984 0
6 7985 0
6 7987 0
6 7988 0
6 7989 0
6 7990 0
6 7991 0
6 7994 0
6 7995 0
6 7996 0
6 7997 0
6 8000 0
6 8003 0
6 8004 0
6 8005 0
6 8006 0
6 8007 0
6 8008 0
6 8009 0
6 8011 0
6 8012 0
6 8013 0
6 8016 0
6 8017 0
6 8018 0
6 8021 0
6 8023 0
6 8025 0
6 8026 0
6 8028 0
6 8029 0
6 8030 0
6 8031 0
6 8032 0
6 8033 0
6 8034 0
6 8036 0
6 8038 0
6 8039 0
6 8040 0
6 8041 0
6 8042 0
6 8043 0
6 8045 0
6 8048 0
6 8050 0
6 8051 0
6 8054 0
6 8055 0
6 8056 0
6 8057 0
6 8058 0
6 8059 0
6 8060 0
6 8061 0
6 8062 0
6 8063 0
6 8064 0
6 8065 0
6 8066 0
6 8067 0
6 8068 0
6 8069 0
6 8070 0
6 8071 0
6 8072 0
6 8073 0
6 8074 0
6 8077 0
6 8078 0
6 8079 0
6 8080 0
6 8081 0
6 8084 0
6 8085 0
6 8087 0
6 8088 0
6 8089 0
6 8090 0
6 8091 0
6 8092 0
6 8096 0
6 8099 0
6 8100 0
6 8101 0
6 8102 0
6 8105 0
6 8106 0
6 8107 0
6 8109 0
6 8111 0
6 8112 0
6 8113 0
6 8114 0
6 8115 0
6 8116 0
6 8117 0
6 8120 0
6 8122 0
6 8123 0
6 8124 0
6 8125 0
6 8127 0
6 8128 0
6 8129 0
6 8132 0
6 8135 0
6 8138 0
6 8140 0
6 8141 0
6 8142 0
6 8143 0
6 8144 0
6 8145 0
6 8147 0
6 8148 0
6 8149 0
6 8150 0
6 8153 0
6 8156 0
6 8157 0
6 8158 0
6 8159 0
6 8160 0
6 8161 0
6 8162 0
6 8163 0
6 8164 0
6 8165 0
6 8166 0
6 8167 0
6 8168 0
6 8169 0
6 8171 0
6 8172 0
6 8173 0
6 8174 0
6 8175 0
6 8178 0
6 8179 0
6 8180 0
6 8181 0
6 8182 0
6 8183 0
6 8186 0
6 8187 0
6 8189 0
6 8190 0
6 8192 0
6 8193 0
6 8194 0
6 8195 0
6 8196 0
6 8197 0
6 8198 0
6 8199 0
6 8200 0
6 8201 0
6 8202 0
6 8203 0
6 8204 0
6 8205 0
6 8206 0
6 8207 0
6 8209 0
6 8210 0
6 8213 0
6 8214 0
6 8216 0
6 8217 0
6 8218 0
6 8219 0
6 8221 0
6 8222 0
6 8224 0
6 8225 0
6 8226 0
6 8227 0
6 8228 0
6 8231 0
6 8232 0
6 8234 0
6 8238 0
6 8240 0
6 8241 0
6 8244 0
6 8246 0
6 8247 0
6 8249 0
6 8251 0
6 8253 0
6 8254 0
6 8258 0
6 8261 0
6 8262 0
6 8263 0
6 8264 0
6 8265 0
6 8267 0
6 8268 0
6 8270 0
6 8271 0
6 8272 0
6 8278 0
6 8282 0
6 8285 0
6 8286 0
6 8288 0
6 8289 0
6 8291 0
6 8293 0
6 8294 0
6 8296 0
6 8297 0
6 8298 0
6 8299 0
6 8300 0
6 8303 0
6 8304 0
6 8305 0
6 8306 0
6 8307 0
6 8308 0
6 8309 0
6 8310 0
6 8312 0
6 8313 0
6 8314 0
6 8315 0
6 8317 0
6 8318 0
6 8321 0
6 8324 0
6 8328 0
6 8329 0
6 8330 0
6 8331 0
6 8333 0
6 8334 0
6 8336 0
6 8337 0
6 8338 0
6 8340 0
6 8341 0
6 8342 0
6 8345 0
6 8348 0
6 8349 0
6 8350 0
6 8351 0
6 8352 0
6 8353 0
6 8354 0
6 8355 0
6 8356 0
6 8357 0
6 8358 0
6 8359 0
6 8361 0
6 8363 0
6 8364 0
6 8366 0
6 8367 0
6 8369 0
6 8370 0
6 8371 0
6 8372 0
6 8373 0
6 8374 0
6 8375 0
6 8376 0
6 8377 0
6 8378 0
6 8381 0
6 8382 0
6 8384 0
6 8385 0
6 8387 0
6 8388 0
6 8390 0
6 8391 0
6 8392 0
6 8393 0
6 8394 0
6 8396 0
6 8397 0
6 8398 0
6 8399 0
6 8401 0
6 8402 0
6 8404 0
6 8405 0
6 8406 0
6 8407 0
6 8408 0
6 8409 0
6 8411 0
6 8412 0
6 8413 0
6 8414 0
6 8415 0
6 8416 0
6 8417 0
6 8419 0
6 8420 0
6 8421 0
6 8423 0
6 8424 0
6 8426 0
6 8428 0
6 8429 0
6 8430 0
6 8431 0
6 8432 0
6 8434 0
6 8435 0
6 8436 0
6 8438 0
6 8440 0
6 8442 0
6 8443 0
6 8444 0
6 8445 0
6 8446 0
6 8447 0
6 8449 0
6 8452 0
6 8453 0
6 8454 0
6 8455 0
6 8456 0
6 8457 0
6 8459 0
6 8461 0
6 8462 0
6 8467 0
6 8468 0
6 8469 0
6 8470 0
6 8471 0
6 8474 0
6 8480 0
6 8481 0
6 8482 0
6 8483 0
6 8484 0
6 8486 0
6 8487 0
6 8488 0
6 8490 0
6 8491 0
6 8493 0
6 8494 0
6 8495 0
6 8496 0
6 8498 0
6 8500 0
6 8501 0
6 8504 0
6 8505 0
6 8506 0
6 8507 0
6 8508 0
6 8509 0
6 8510 0
6 8511 0
6 8512 0
6 8513 0
6 8514 0
6 8516 0
6 8517 0
6 8519 0
6 8520 0
6 8521 0
6 8522 0
6 8523 0
6 8524 0
6 8525 0
6 8527 0
6 8528 0
6 8531 0
6 8532 0
6 8534 0
6 8535 0
6 8537 0
6 8540 0
6 8543 0
6 8544 0
6 8545 0
6 8546 0
6 8549 0
6 8551 0
6 8552 0
6 8553 0
6 8554 0
6 8555 0
6 8556 0
6 8557 0
6 8558 0
6 8560 0
6 8561 0
6 8563 0
6 8564 0
6 8565 0
6 8566 0
6 8568 0
6 8569 0
6 8570 0
6 8571 0
6 8573 0
6 8574 0
6 8575 0
6 8576 0
6 8577 0
6 8578 0
6 8579 0
6 8582 0
6 8584 0
6 8585 0
6 8588 0
6 8590 0
6 8591 0
6 8593 0
6 8594 0
6 8595 0
6 8596 0
6 8597 0
6 8598 0
6 8599 0
6 8600 0
6 8601 0
6 8602 0
6 8604 0
6 8605 0
6 8606 0
6 8607 0
6 8608 0
6 8609 0
6 8612 0
6 8615 0
6 8616 0
6 8617 0
6 8618 0
6 8621 0
6 8622 0
6 8623 0
6 8624 0
6 8626 0
6 8628 0
6 8630 0
6 8632 0
6 8633 0
6 8634 0
6 8636 0
6 8637 0
6 8639 0
6 8641 0
6 8642 0
6 8643 0
6 8644 0
6 8645 0
6 8646 0
6 8647 0
6 8648 0
6 8649 0
6 8651 0
6 8654 0
6 8655 0
6 8656 0
6 8657 0
6 8658 0
6 8659 0
6 8660 0
6 8662 0
6 8663 0
6 8665 0
6 8666 0
6 8667 0
6 8668 0
6 8669 0
6 8672 0
6 8675 0
6 8676 0
6 8677 0
6 8681 0
6 8682 0
6 8683 0
6 8684 0
6 8686 0
6 8687 0
6 8688 0
6 8689 0
6 8690 0
6 8693 0
6 8694 0
6 8695 0
6 8696 0
6 8697 0
6 8698 0
6 8699 0
6 8700 0
6 8702 0
6 8703 0
6 8704 0
6 8705 0
6 8708 0
6 8709 0
6 8710 0
6 8711 0
6 8712 0
6 8713 0
6 8714 0
6 8717 0
6 8718 0
6 8720 0
6 8722 0
6 8723 0
6 8725 0
6 8726 0
6 8727 0
6 8729 0
6 8732 0
6 8734 0
6 8737 0
6 8738 0
6 8739 0
6 8740 0
6 8742 0
6 8743 0
6 8744 0
6 8745 0
6 8747 0
6 8749 0
6 8750 0
6 8753 0
6 8754 0
6 8755 0
6 8756 0
6 8758 0
6 8759 0
6 8760 0
6 8761 0
6 8764 0
6 8765 0
6 8766 0
6 8768 0
6 8771 0
6 8774 0
6 8775 0
6 8776 0
6 8777 0
6 8778 0
6 8779 0
6 8780 0
6 8781 0
6 8786 0
6 8789 0
6 8790 0
6 8792 0
6 8793 0
6 8794 0
6 8795 0
6 8797 0
6 8798 0
6 8799 0
6 8800 0
6 8801 0
6 8804 0
6 8806 0
6 8810 0
6 8811 0
6 8813 0
6 8816 0
6 8818 0
6 8819 0
6 8820 0
6 8821 0
6 8822 0
6 8824 0
6 8826 0
6 8827 0
6 8828 0
6 8829 0
6 8831 0
6 8832 0
6 8834 0
6 8835 0
6 8836 0
6 8840 0
6 8841 0
6 8843 0
6 8844 0
6 8845 0
6 8846 0
6 8847 0
6 8848 0
6 8849 0
6 8852 0
6 8853 0
6 8854 0
6 8855 0
6 8856 0
6 8857 0
6 8858 0
6 8859 0
6 8860 0
6 8863 0
6 8864 0
6 8865 0
6 8866 0
6 8867 0
6 8868 0
6 8869 0
6 8870 0
6 8873 0
6 8875 0
6 8876 0
6 8877 0
6 8878 0
6 8879 0
6 8880 0
6 8881 0
6 8883 0
6 8885 0
6 8887 0
6 8888 0
6 8889 0
6 8890 0
6 8894 0
6 8895 0
6 8896 0
6 8897 0
6 8898 0
6 8899 0
6 8900 0
6 8901 0
6 8902 0
6 8903 0
6 8904 0
6 8905 0
6 8907 0
6 8908 0
6 8909 0
6 8910 0
6 8912 0
6 8913 0
6 8914 0
6 8915 0
6 8918 0
6 8922 0
6 8923 0
6 8925 0
6 8927 0
6 8930 0
6 8932 0
6 8933 0
6 8935 0
6 8936 0
6 8937 0
6 8938 0
6 8939 0
6 8940 0
6 8942 0
6 8943 0
6 8944 0
6 8945 0
6 8946 0
6 8948 0
6 8949 0
6 8951 0
6 8952 0
6 8953 0
6 8956 0
6 8957 0
6 8958 0
6 8959 0
6 8960 0
6 8961 0
6 8962 0
6 8963 0
6 8964 0
6 8965 0
6 8966 0
6 8968 0
6 8969 0
6 8971 0
6 8972 0
6 8973 0
6 8975 0
6 8976 0
6 8977 0
6 8978 0
6 8979 0
6 8980 0
6 8981 0
6 8983 0
6 8984 0
6 8986 0
6 8987 0
6 8988 0
6 8990 0
6 8992 0
6 8993 0
6 8994 0
6 8995 0
6 8996 0
6 8998 0
6 8999 0
6 9000 0
6 9001 0
6 9002 0
6 9004 0
6 9005 0
6 9006 0
6 9007 0
6 9008 0
6 9009 0
6 9011 0
6 9012 0
6 9013 0
6 9014 0
6 9017 0
6 9020 0
6 9022 0
6 9023 0
6 9024 0
6 9025 0
6 9026 0
6 9030 0
6 9031 0
6 9032 0
6 9033 0
6 9034 0
6 9036 0
6 9041 0
6 9043 0
6 9044 0
6 9045 0
6 9047 0
6 9049 0
6 9050 0
6 9051 0
6 9053 0
6 9054 0
6 9056 0
6 9057 0
6 9059 0
6 9060 0
6 9061 0
6 9062 0
6 9063 0
6 9064 0
6 9065 0
6 9066 0
6 9068 0
6 9072 0
6 9073 0
6 9074 0
6 9076 0
6 9078 0
6 9079 0
6 9080 0
6 9082 0
6 9083 0
6 9084 0
6 9085 0
6 9086 0
6 9088 0
6 9089 0
6 9090 0
6 9091 0
6 9093 0
6 9094 0
6 9095 0
6 9096 0
6 9098 0
6 9101 0
6 9103 0
6 9104 0
6 9105 0
6 9106 0
6 9107 0
6 9108 0
6 9109 0
6 9110 0
6 9111 0
6 9112 0
6 9113 0
6 9114 0
6 9115 0
6 9116 0
6 9117 0
6 9118 0
6 9119 0
6 9120 0
6 9121 0
6 9122 0
6 9127 0
6 9128 0
6 9129 0
6 9130 0
6 9131 0
6 9132 0
6 9133 0
6 9134 0
6 9135 0
6 9137 0
6 9138 0
6 9139 0
6 9140 0
6 9141 0
6 9142 0
6 9148 0
6 9149 0
6 9151 0
6 9152 0
6 9153 0
6 9154 0
6 9155 0
6 9158 0
6 9161 0
6 9163 0
6 9164 0
6 9166 0
6 9171 0
6 9172 0
6 9176 0
6 9179 0
6 9180 0
6 9181 0
6 9182 0
6 9183 0
6 9184 0
6 9185 0
6 9186 0
6 9187 0
6 9188 0
6 9190 0
6 9191 0
6 9192 0
6 9193 0
6 9197 0
6 9199 0
6 9200 0
6 9202 0
6 9203 0
6 9204 0
6 9205 0
6 9206 0
6 9207 0
6 9211 0
6 9212 0
6 9213 0
6 9215 0
6 9216 0
6 9217 0
6 9218 0
6 9219 0
6 9220 0
6 9221 0
6 9222 0
6 9223 0
6 9224 0
6 9228 0
6 9230 0
6 9231 0
6 9232 0
6 9233 0
6 9236 0
6 9237 0
6 9239 0
6 9240 0
6 9241 0
6 9242 0
6 9243 0
6 9244 0
6 9245 0
6 9246 0
6 9248 0
6 9249 0
6 9251 0
6 9254 0
6 9257 0
6 9259 0
6 9260 0
6 9261 0
6 9262 0
6 9264 0
6 9265 0
6 9266 0
6 9267 0
6 9268 0
6 9269 0
6 9270 0
6 9271 0
6 9272 0
6 9273 0
6 9274 0
6 9275 0
6 9277 0
6 9278 0
6 9279 0
6 9280 0
6 9281 0
6 9282 0
6 9283 0
6 9284 0
6 9286 0
6 9288 0
6 9290 0
6 9291 0
6 9292 0
6 9294 0
6 9295 0
6 9296 0
6 9297 0
6 9299 0
6 9300 0
6 9301 0
6 9302 0
6 9305 0
6 9306 0
6 9307 0
6 9308 0
6 9310 0
6 9311 0
6 9312 0
6 9313 0
6 9314 0
6 9315 0
6 9317 0
6 9319 0
6 9320 0
6 9321 0
6 9322 0
6 9323 0
6 9324 0
6 9325 0
6 9326 0
6 9327 0
6 9329 0
6 9330 0
6 9331 0
6 9332 0
6 9333 0
6 9335 0
6 9336 0
6 9338 0
6 9341 0
6 9343 0
6 9345 0
6 9346 0
6 9347 0
6 9348 0
6 9350 0
6 9351 0
6 9352 0
6 9354 0
6 9356 0
6 9357 0
6 9358 0
6 9359 0
6 9360 0
6 9361 0
6 9362 0
6 9364 0
6 9365 0
6 9366 0
6 9367 0
6 9368 0
6 9371 0
6 9373 0
6 9375 0
6 9377 0
6 9378 0
6 9379 0
6 9380 0
6 9382 0
6 9384 0
6 9386 0
6 9388 0
6 9390 0
6 9391 0
6 9392 0
6 9393 0
6 9394 0
6 9395 0
6 9396 0
6 9397 0
6 9398 0
6 9399 0
6 9401 0
6 9402 0
6 9404 0
6 9405 0
6 9407 0
6 9408 0
6 9410 0
6 9411 0
6 9412 0
6 9413 0
6 9414 0
6 9415 0
6 9416 0
6 9417 0
6 9418 0
6 9419 0
6 9420 0
6 9421 0
6 9423 0
6 9424 0
6 9425 0
6 9428 0
6 9429 0
6 9430 0
6 9432 0
6 9433 0
6 9434 0
6 9435 0
6 9436 0
6 9437 0
6 9438 0
6 9439 0
6 9440 0
6 9441 0
6 9443 0
6 9444 0
6 9445 0
6 9446 0
6 9447 0
6 9448 0
6 9449 0
6 9450 0
6 9451 0
6 9452 0
6 9453 0
6 9456 0
6 9457 0
6 9458 0
6 9459 0
6 9460 0
6 9461 0
6 9462 0
6 9463 0
6 9464 0
6 9467 0
6 9468 0
6 9469 0
6 9470 0
6 9473 0
6 9474 0
6 9475 0
6 9476 0
6 9477 0
6 9478 0
6 9480 0
6 9481 0
6 9482 0
6 9484 0
6 9485 0
6 9486 0
6 9489 0
6 9490 0
6 9491 0
6 9492 0
6 9493 0
6 9494 0
6 9495 0
6 9496 0
6 9498 0
6 9500 0
6 9502 0
6 9503 0
6 9504 0
6 9507 0
6 9508 0
6 9510 0
6 9511 0
6 9512 0
6 9516 0
6 9517 0
6 9519 0
6 9522 0
6 9525 0
6 9526 0
6 9527 0
6 9528 0
6 9530 0
6 9532 0
6 9533 0
6 9534 0
6 9535 0
6 9536 0
6 9537 0
6 9538 0
6 9539 0
6 9540 0
6 9542 0
6 9543 0
6 9544 0
6 9545 0
6 9546 0
6 9548 0
6 9549 0
6 9550 0
6 9551 0
6 9552 0
6 9553 0
6 9554 0
6 9555 0
6 9556 0
6 9558 0
6 9559 0
6 9560 0
6 9561 0
6 9562 0
6 9563 0
6 9564 0
6 9565 0
6 9566 0
6 9567 0
6 9568 0
6 9570 0
6 9572 0
6 9573 0
6 9574 0
6 9575 0
6 9576 0
6 9577 0
6 9578 0
6 9579 0
6 9582 0
6 9583 0
6 9584 0
6 9585 0
6 9586 0
6 9587 0
6 9589 0
6 9590 0
6 9591 0
6 9592 0
6 9594 0
6 9595 0
6 9596 0
6 9598 0
6 9599 0
6 9600 0
6 9601 0
6 9603 0
6 9604 0
6 9605 0
6 9606 0
6 9607 0
6 9608 0
6 9609 0
6 9611 0
6 9613 0
6 9614 0
6 9615 0
6 9617 0
6 9618 0
6 9619 0
6 9621 0
6 9623 0
6 9624 0
6 9627 0
6 9628 0
6 9629 0
6 9631 0
6 9632 0
6 9633 0
6 9634 0
6 9637 0
6 9638 0
6 9639 0
6 9640 0
6 9642 0
6 9645 0
6 9646 0
6 9647 0
6 9648 0
6 9649 0
6 9650 0
6 9651 0
6 9652 0
6 9653 0
6 9654 0
6 9655 0
6 9656 0
6 9657 0
6 9658 0
6 9659 0
6 9660 0
6 9661 0
6 9662 0
6 9663 0
6 9665 0
6 9666 0
6 9669 0
6 9670 0
6 9671 0
6 9672 0
6 9673 0
6 9674 0
6 9675 0
6 9676 0
6 9677 0
6 9678 0
6 9680 0
6 9681 0
6 9682 0
6 9683 0
6 9684 0
6 9686 0
6 9689 0
6 9690 0
6 9691 0
6 9693 0
6 9694 0
6 9695 0
6 9696 0
6 9697 0
6 9698 0
6 9699 0
6 9702 0
6 9703 0
6 9705 0
6 9706 0
6 9707 0
6 9708 0
6 9709 0
6 9710 0
6 9711 0
6 9713 0
6 9714 0
6 9715 0
6 9717 0
6 9718 0
6 9719 0
6 9720 0
6 9722 0
6 9723 0
6 9724 0
6 9727 0
6 9728 0
6 9729 0
6 9730 0
6 9731 0
6 9732 0
6 9733 0
6 9735 0
6 9736 0
6 9738 0
6 9739 0
6 9740 0
6 9741 0
6 9742 0
6 9743 0
6 9745 0
6 9746 0
6 9750 0
6 9752 0
6 9753 0
6 9754 0
6 9755 0
6 9756 0
6 9758 0
6 9760 0
6 9761 0
6 9762 0
6 9764 0
6 9765 0
6 9766 0
6 9768 0
6 9769 0
6 9770 0
6 9771 0
6 9772 0
6 9773 0
6 9775 0
6 9776 0
6 9777 0
6 9780 0
6 9781 0
6 9782 0
6 9783 0
6 9784 0
6 9785 0
6 9786 0
6 9787 0
6 9788 0
6 9789 0
6 9790 0
6 9791 0
6 9792 0
6 9795 0
6 9796 0
6 9798 0
6 9799 0
6 9800 0
6 9801 0
6 9802 0
6 9803 0
6 9804 0
6 9805 0
6 9806 0
6 9807 0
6 9808 0
6 9809 0
6 9810 0
6 9811 0
6 9813 0
6 9814 0
6 9815 0
6 9816 0
6 9817 0
6 9818 0
6 9819 0
6 9820 0
6 9821 0
6 9822 0
6 9824 0
6 9826 0
6 9827 0
6 9828 0
6 9830 0
6 9832 0
6 9833 0
6 9834 0
6 9837 0
6 9839 0
6 9840 0
6 9841 0
6 9842 0
6 9843 0
6 9844 0
6 9845 0
6 9847 0
6 9849 0
6 9850 0
6 9852 0
6 9853 0
6 9854 0
6 9855 0
6 9856 0
6 9857 0
6 9858 0
6 9861 0
6 9862 0
6 9864 0
6 9865 0
6 9866 0
6 9867 0
6 9868 0
6 9869 0
6 9870 0
6 9871 0
6 9872 0
6 9873 0
6 9874 0
6 9875 0
6 9876 0
6 9877 0
6 9878 0
6 9879 0
6 9881 0
6 9882 0
6 9883 0
6 9884 0
6 9885 0
6 9887 0
6 9888 0
6 9891 0
6 9892 0
6 9894 0
6 9896 0
6 9897 0
6 9898 0
6 9902 0
6 9903 0
6 9904 0
6 9905 0
6 9906 0
6 9907 0
6 9908 0
6 9909 0
6 9910 0
6 9911 0
6 9912 0
6 9913 0
6 9914 0
6 9918 0
6 9919 0
6 9920 0
6 9921 0
6 9922 0
6 9923 0
6 9924 0
6 9925 0
6 9926 0
6 9927 0
6 9928 0
6 9929 0
6 9930 0
6 9932 0
6 9933 0
6 9934 0
6 9936 0
6 9937 0
6 9938 0
6 9939 0
6 9940 0
6 9941 0
6 9942 0
6 9943 0
6 9945 0
6 9947 0
6 9948 0
6 9949 0
6 9950 0
6 9953 0
6 9954 0
6 9955 0
6 9957 0
6 9960 0
6 9962 0
6 9963 0
6 9965 0
6 9967 0
6 9969 0
6 9970 0
6 9971 0
6 9972 0
6 9973 0
6 9975 0
6 9976 0
6 9978 0
6 9979 0
6 9980 0
6 9981 0
6 9983 0
6 9984 0
6 9985 0
6 9986 0
6 9987 0
6 9988 0
6 9990 0
6 9992 0
6 9993 0
6 9994 0
6 9995 0
6 9996 0
6 9999 0
6 10003 0
6 10004 0
6 10005 0
6 10007 0
6 10008 0
6 10009 0
6 10010 0
6 10011 0
6 10013 0
6 10015 0
6 10017 0
6 10018 0
6 10019 0
6 10020 0
6 10021 0
6 10022 0
6 10023 0
6 10024 0
6 10025 0
6 10026 0
6 10027 0
6 10029 0
6 10031 0
6 10032 0
6 10034 0
6 10035 0
6 10037 0
6 10038 0
6 10039 0
6 10040 0
6 10041 0
6 10042 0
6 10044 0
6 10045 0
6 10046 0
6 10047 0
6 10050 0
6 10052 0
6 10053 0
6 10056 0
6 10059 0
6 10060 0
6 10061 0
6 10062 0
6 10063 0
6 10064 0
6 10065 0
6 10067 0
6 10068 0
6 10070 0
6 10071 0
6 10073 0
6 10074 0
6 10075 0
6 10076 0
6 10077 0
6 10080 0
6 10081 0
6 10083 0
6 10085 0
6 10086 0
6 10087 0
6 10088 0
6 10089 0
6 10092 0
6 10093 0
6 10095 0
6 10097 0
6 10098 0
6 10099 0
6 10101 0
6 10102 0
6 10103 0
6 10105 0
6 10106 0
6 10107 0
6 10110 0
6 10111 0
6 10112 0
6 10113 0
6 10114 0
6 10116 0
6 10117 0
6 10118 0
6 10119 0
6 10120 0
6 10122 0
6 10123 0
6 10125 0
6 10128 0
6 10130 0
6 10131 0
6 10133 0
6 10134 0
6 10135 0
6 10136 0
6 10137 0
6 10139 0
6 10140 0
6 10143 0
6 10144 0
6 10149 0
6 10150 0
6 10151 0
6 10152 0
6 10153 0
6 10154 0
6 10155 0
6 10156 0
6 10158 0
6 10159 0
6 10160 0
6 10161 0
6 10162 0
6 10164 0
6 10166 0
6 10167 0
6 10168 0
6 10169 0
6 10170 0
6 10171 0
6 10172 0
6 10173 0
6 10175 0
6 10176 0
6 10179 0
6 10180 0
6 10181 0
6 10182 0
6 10183 0
6 10185 0
6 10188 0
6 10189 0
6 10190 0
6 10191 0
6 10192 0
6 10193 0
6 10194 0
6 10195 0
6 10197 0
6 10198 0
6 10200 0
6 10201 0
6 10202 0
6 10203 0
6 10204 0
6 10206 0
6 10207 0
6 10208 0
6 10210 0
6 10213 0
6 10214 0
6 10215 0
6 10218 0
6 10219 0
6 10220 0
6 10221 0
6 10223 0
6 10227 0
6 10229 0
6 10230 0
6 10231 0
6 10232 0
6 10233 0
6 10234 0
6 10235 0
6 10236 0
6 10239 0
6 10241 0
6 10242 0
6 10243 0
6 10245 0
6 10246 0
6 10248 0
6 10250 0
6 10252 0
6 10253 0
6 10254 0
6 10255 0
6 10257 0
6 10260 0
6 10263 0
6 10264 0
6 10265 0
6 10266 0
6 10268 0
6 10269 0
6 10270 0
6 10272 0
6 10273 0
6 10274 0
6 10275 0
6 10276 0
6 10277 0
6 10278 0
6 10281 0
6 10282 0
6 10283 0
6 10284 0
6 10287 0
6 10288 0
6 10289 0
6 10290 0
6 10292 0
6 10295 0
6 10296 0
6 10297 0
6 10299 0
6 10300 0
6 10301 0
6 10302 0
6 10303 0
6 10304 0
6 10307 0
6 10308 0
6 10309 0
6 10310 0
6 10311 0
6 10312 0
6 10313 0
6 10314 0
6 10315 0
6 10316 0
6 10317 0
6 10318 0
6 10320 0
6 10321 0
6 10323 0
6 10324 0
6 10326 0
6 10327 0
6 10328 0
6 10329 0
6 10332 0
6 10333 0
6 10335 0
6 10336 0
6 10337 0
6 10338 0
6 10340 0
6 10341 0
6 10342 0
6 10343 0
6 10344 0
6 10345 0
6 10346 0
6 10347 0
6 10348 0
6 10351 0
6 10352 0
6 10353 0
6 10354 0
6 10355 0
6 10356 0
6 10358 0
6 10359 0
6 10360 0
6 10361 0
6 10362 0
6 10363 0
6 10364 0
6 10365 0
6 10366 0
6 10367 0
6 10368 0
6 10369 0
6 10370 0
6 10372 0
6 10373 0
6 10374 0
6 10375 0
6 10377 0
6 10378 0
6 10380 0
6 10383 0
6 10385 0
6 10386 0
6 10387 0
6 10389 0
6 10391 0
6 10392 0
6 10393 0
6 10394 0
6 10395 0
6 10396 0
6 10398 0
6 10401 0
6 10402 0
6 10403 0
6 10404 0
6 10405 0
6 10406 0
6 10407 0
6 10408 0
6 10409 0
6 10410 0
6 10411 0
6 10413 0
6 10414 0
6 10416 0
6 10417 0
6 10418 0
6 10419 0
6 10420 0
6 10421 0
6 10422 0
6 10423 0
6 10424 0
6 10425 0
6 10428 0
6 10429 0
6 10430 0
6 10431 0
6 10434 0
6 10435 0
6 10436 0
6 10438 0
6 10439 0
6 10440 0
6 10441 0
6 10442 0
6 10444 0
6 10445 0
6 10446 0
6 10447 0
6 10448 0
6 10449 0
6 10450 0
6 10451 0
6 10452 0
6 10453 0
6 10455 0
6 10456 0
6 10458 0
6 10459 0
6 10460 0
6 10461 0
6 10462 0
6 10464 0
6 10465 0
6 10466 0
6 10467 0
6 10468 0
6 10469 0
6 10470 0
6 10472 0
6 10473 0
6 10474 0
6 10476 0
6 10477 0
6 10478 0
6 10482 0
6 10483 0
6 10485 0
6 10487 0
6 10488 0
6 10489 0
6 10490 0
6 10491 0
6 10492 0
6 10493 0
6 10494 0
6 10495 0
6 10497 0
6 10498 0
6 10499 0
6 10500 0
6 10501 0
6 10502 0
6 10503 0
6 10505 0
6 10506 0
6 10507 0
6 10509 0
6 10510 0
6 10511 0
6 10513 0
6 10514 0
6 10515 0
6 10516 0
6 10517 0
6 10518 0
6 10519 0
6 10520 0
6 10521 0
6 10522 0
6 10523 0
6 10524 0
6 10525 0
6 10526 0
6 10527 0
6 10528 0
6 10529 0
6 10530 0
6 10532 0
6 10534 0
6 10535 0
6 10537 0
6 10538 0
6 10539 0
6 10540 0
6 10542 0
6 10545 0
6 10548 0
6 10549 0
6 10550 0
6 10552 0
6 10554 0
6 10555 0
6 10556 0
6 10557 0
6 10559 0
6 10561 0
6 10562 0
6 10563 0
6 10564 0
6 10565 0
6 10566 0
6 10567 0
6 10568 0
6 10569 0
6 10570 0
6 10571 0
6 10572 0
6 10573 0
6 10574 0
6 10575 0
6 10576 0
6 10577 0
6 10579 0
6 10580 0
6 10581 0
6 10582 0
6 10583 0
6 10584 0
6 10585 0
6 10586 0
6 10587 0
6 10588 0
6 10589 0
6 10590 0
6 10591 0
6 10592 0
6 10593 0
6 10594 0
6 10595 0
6 10596 0
6 10597 0
6 10598 0
6 10599 0
6 10600 0
6 10601 0
6 10602 0
6 10603 0
6 10604 0
6 10605 0
6 10608 0
6 10609 0
6 10610 0
6 10611 0
6 10612 0
6 10613 0
6 10614 0
6 10615 0
6 10616 0
6 10617 0
6 10618 0
6 10619 0
6 10620 0
6 10622 0
6 10623 0
6 10625 0
6 10627 0
6 10628 0
6 10629 0
6 10630 0
6 10631 0
6 10632 0
6 10633 0
6 10634 0
6 10635 0
6 10636 0
6 10637 0
6 10638 0
6 10640 0
6 10641 0
6 10642 0
6 10643 0
6 10644 0
6 10646 0
6 10647 0
6 10649 0
6 10650 0
6 10651 0
6 10652 0
6 10653 0
6 10656 0
6 10657 0
6 10658 0
6 10659 0
6 10660 0
6 10661 0
6 10662 0
6 10663 0
6 10664 0
6 10665 0
6 10666 0
6 10667 0
6 10668 0
6 10670 0
6 10671 0
6 10672 0
6 10673 0
6 10674 0
6 10675 0
6 10676 0
6 10677 0
6 10678 0
6 10679 0
6 10680 0
6 10681 0
6 10682 0
6 10683 0
6 10684 0
6 10685 0
6 10686 0
6 10687 0
6 10688 0
6 10689 0
6 10690 0
6 10692 0
6 10693 0
6 10694 0
6 10695 0
6 10696 0
6 10697 0
6 10698 0
6 10699 0
6 10700 0
6 10701 0
6 10702 0
6 10703 0
6 10704 0
6 10705 0
6 10706 0
6 10707 0
6 10708 0
6 10709 0
6 10710 0
6 10711 0
6 10713 0
6 10714 0
6 10715 0
6 10716 0
6 10717 0
6 10718 0
6 10719 0
6 10721 0
6 10722 0
6 10723 0
6 10724 0
6 10725 0
6 10726 0
6 10727 0
6 10728 0
6 10729 0
6 10730 0
6 10731 0
6 10732 0
6 10733 0
6 10734 0
6 10735 0
6 10736 0
6 10737 0
6 10738 0
6 10739 0
6 10740 0
6 10741 0
6 10742 0
6 10743 0
6 10744 0
6 10745 0
6 10746 0
6 10747 0
6 10748 0
6 10749 0
6 10750 0
6 10751 0
6 10752 0
6 10753 0
6 10754 0
6 10755 0
6 10756 0
6 10757 0
6 10758 0
6 10760 0
6 10761 0
6 10763 0
6 10764 0
6 10766 0
6 10767 0
6 10769 0
6 10770 0
6 10772 0
6 10774 0
6 10775 0
6 10777 0
6 10778 0
6 10780 0
6 10781 0
6 10782 0
6 10783 0
6 10785 0
6 10786 0
6 10787 0
6 10788 0
6 10789 0
6 10790 0
6 10791 0
6 10792 0
6 10793 0
6 10795 0
6 10797 0
6 10798 0
6 10799 0
6 10803 0
6 10804 0
6 10805 0
6 10806 0
6 10807 0
6 10808 0
6 10809 0
6 10810 0
6 10811 0
6 10812 0
6 10813 0
6 10816 0
6 10820 0
6 10821 0
6 10823 0
6 10828 0
6 10829 0
6 10830 0
6 10832 0
6 10833 0
6 10834 0
6 10835 0
6 10836 0
6 10837 0
6 10838 0
6 10839 0
6 10840 0
6 10841 0
6 10845 0
6 10847 0
6 10849 0
6 10850 0
6 10851 0
6 10855 0
6 10857 0
6 10860 0
6 10862 0
6 10863 0
6 10864 0
6 10865 0
6 10866 0
6 10869 0
6 10870 0
6 10873 0
6 10874 0
6 10875 0
6 10876 0
6 10877 0
6 10878 0
6 10879 0
6 10880 0
6 10881 0
6 10882 0
6 10884 0
6 10887 0
6 10888 0
6 10889 0
6 10890 0
6 10891 0
6 10892 0
6 10893 0
6 10895 0
6 10897 0
6 10898 0
6 10901 0
6 10903 0
6 10904 0
6 10905 0
6 10907 0
6 10908 0
6 10909 0
6 10911 0
6 10912 0
6 10914 0
6 10915 0
6 10916 0
6 10917 0
6 10918 0
6 10921 0
6 10922 0
6 10923 0
6 10925 0
6 10926 0
6 10928 0
6 10929 0
6 10930 0
6 10931 0
6 10932 0
6 10933 0
6 10934 0
6 10936 0
6 10937 0
6 10938 0
6 10939 0
6 10940 0
6 10941 0
6 10943 0
6 10944 0
6 10945 0
6 10947 0
6 10948 0
6 10949 0
6 10950 0
6 10951 0
6 10952 0
6 10953 0
6 10954 0
6 10955 0
6 10956 0
6 10957 0
6 10958 0
6 10959 0
6 10960 0
6 10961 0
6 10962 0
6 10963 0
6 10964 0
6 10966 0
6 10967 0
6 10968 0
6 10969 0
6 10970 0
6 10971 0
6 10972 0
6 10973 0
6 10974 0
6 10975 0
6 10976 0
6 10977 0
6 10978 0
6 10979 0
6 10980 0
6 10981 0
6 10982 0
6 10983 0
6 10984 0
6 10985 0
6 10987 0
6 10988 0
6 10989 0
6 10991 0
6 10992 0
6 10993 0
6 10994 0
6 10996 0
6 10998 0
6 10999 0
6 11003 0
6 11004 0
6 11005 0
6 11006 0
6 11007 0
6 11009 0
6 11011 0
6 11012 0
6 11013 0
6 11014 0
6 11015 0
6 11016 0
6 11018 0
6 11020 0
6 11021 0
6 11022 0
6 11023 0
6 11024 0
6 11025 0
6 11026 0
6 11027 0
6 11028 0
6 11029 0
6 11030 0
6 11031 0
6 11033 0
6 11035 0
6 11036 0
6 11037 0
6 11038 0
6 11039 0
6 11040 0
6 11041 0
6 11042 0
6 11043 0
6 11044 0
6 11045 0
6 11047 0
6 11048 0
6 11053 0
6 11055 0
6 11056 0
6 11057 0
6 11058 0
6 11059 0
6 11060 0
6 11061 0
6 11062 0
6 11063 0
6 11064 0
6 11065 0
6 11066 0
6 11067 0
6 11068 0
6 11070 0
6 11071 0
6 11072 0
6 11073 0
6 11074 0
6 11076 0
6 11078 0
6 11079 0
6 11080 0
6 11081 0
6 11082 0
6 11083 0
6 11084 0
6 11085 0
6 11086 0
6 11087 0
6 11088 0
6 11089 0
6 11090 0
6 11091 0
6 11092 0
6 11094 0
6 11095 0
6 11096 0
6 11097 0
6 11098 0
6 11100 0
6 11105 0
6 11107 0
6 11108 0
6 11109 0
6 11110 0
6 11112 0
6 11114 0
6 11115 0
6 11116 0
6 11117 0
6 11118 0
6 11120 0
6 11121 0
6 11122 0
6 11125 0
6 11126 0
6 11127 0
6 11128 0
6 11130 0
6 11131 0
6 11133 0
6 11134 0
6 11136 0
6 11137 0
6 11138 0
6 11139 0
6 11140 0
6 11142 0
6 11143 0
6 11144 0
6 11147 0
6 11148 0
6 11149 0
6 11151 0
6 11152 0
6 11153 0
6 11154 0
6 11155 0
6 11157 0
6 11158 0
6 11161 0
6 11162 0
6 11164 0
6 11165 0
6 11167 0
6 11168 0
6 11169 0
6 11170 0
6 11172 0
6 11174 0
6 11175 0
6 11176 0
6 11177 0
6 11178 0
6 11180 0
6 11181 0
6 11182 0
6 11184 0
6 11186 0
6 11189 0
6 11191 0
6 11192 0
6 11196 0
6 11197 0
6 11198 0
6 11200 0
6 11201 0
6 11203 0
6 11204 0
6 11205 0
6 11206 0
6 11208 0
6 11210 0
6 11212 0
6 11213 0
6 11215 0
6 11216 0
6 11218 0
6 11219 0
6 11220 0
6 11221 0
6 11222 0
6 11223 0
6 11224 0
6 11225 0
6 11226 0
6 11227 0
6 11228 0
6 11230 0
6 11232 0
6 11235 0
6 11237 0
6 11238 0
6 11239 0
6 11240 0
6 11241 0
6 11242 0
6 11244 0
6 11245 0
6 11246 0
6 11247 0
6 11248 0
6 11249 0
6 11250 0
6 11252 0
6 11253 0
6 11254 0
6 11256 0
6 11258 0
6 11260 0
6 11261 0
6 11262 0
6 11264 0
6 11265 0
6 11266 0
6 11267 0
6 11269 0
6 11270 0
6 11271 0
6 11272 0
6 11273 0
6 11275 0
6 11276 0
6 11278 0
6 11279 0
6 11280 0
6 11281 0
6 11282 0
6 11283 0
6 11284 0
6 11285 0
6 11286 0
6 11287 0
6 11288 0
6 11289 0
6 11290 0
6 11291 0
6 11292 0
6 11293 0
6 11294 0
6 11295 0
6 11296 0
6 11297 0
6 11299 0
6 11300 0
6 11301 0
6 11302 0
6 11303 0
6 11305 0
6 11306 0
6 11309 0
6 11310 0
6 11311 0
6 11314 0
6 11315 0
6 11317 0
6 11318 0
6 11319 0
6 11321 0
6 11322 0
6 11323 0
6 11324 0
6 11325 0
6 11327 0
6 11328 0
6 11329 0
6 11330 0
6 11331 0
6 11332 0
6 11333 0
6 11335 0
6 11336 0
6 11337 0
6 11338 0
6 11339 0
6 11340 0
6 11342 0
6 11343 0
6 11344 0
6 11345 0
6 11346 0
6 11348 0
6 11349 0
6 11350 0
6 11351 0
6 11353 0
6 11354 0
6 11355 0
6 11356 0
6 11357 0
6 11358 0
6 11359 0
6 11360 0
6 11361 0
6 11363 0
6 11366 0
6 11367 0
6 11368 0
6 11369 0
6 11370 0
6 11371 0
6 11372 0
6 11373 0
6 11375 0
6 11376 0
6 11377 0
6 11378 0
6 11379 0
6 11381 0
6 11383 0
6 11384 0
6 11385 0
6 11386 0
6 11390 0
6 11391 0
6 11393 0
6 11394 0
6 11395 0
6 11396 0
6 11397 0
6 11398 0
6 11399 0
6 11400 0
6 11401 0
6 11402 0
6 11403 0
6 11406 0
6 11407 0
6 11408 0
6 11409 0
6 11410 0
6 11411 0
6 11412 0
6 11413 0
6 11414 0
6 11416 0
6 11417 0
6 11418 0
6 11419 0
6 11420 0
6 11421 0
6 11422 0
6 11423 0
6 11424 0
6 11425 0
6 11426 0
6 11427 0
6 11428 0
6 11429 0
6 11430 0
6 11431 0
6 11433 0
6 11434 0
6 11435 0
6 11436 0
6 11437 0
6 11438 0
6 11441 0
6 11442 0
6 11443 0
6 11444 0
6 11445 0
6 11448 0
6 11449 0
6 11450 0
6 11451 0
6 11452 0
6 11453 0
6 11454 0
6 11455 0
6 11456 0
6 11457 0
6 11458 0
6 11459 0
6 11460 0
6 11461 0
6 11463 0
6 11467 0
6 11468 0
6 11469 0
6 11471 0
6 11472 0
6 11473 0
6 11475 0
6 11478 0
6 11479 0
6 11480 0
6 11481 0
6 11483 0
6 11484 0
6 11485 0
6 11487 0
6 11489 0
6 11490 0
6 11493 0
6 11494 0
6 11495 0
6 11496 0
6 11497 0
6 11498 0
6 11499 0
6 11501 0
6 11502 0
6 11503 0
6 11504 0
6 11505 0
6 11506 0
6 11508 0
6 11509 0
6 11510 0
6 11511 0
6 11512 0
6 11514 0
6 11515 0
6 11516 0
6 11517 0
6 11519 0
6 11520 0
6 11521 0
6 11522 0
6 11523 0
6 11524 0
6 11525 0
6 11526 0
6 11527 0
6 11528 0
6 11529 0
6 11530 0
6 11531 0
6 11533 0
6 11534 0
6 11535 0
6 11536 0
6 11537 0
6 11539 0
6 11540 0
6 11541 0
6 11542 0
6 11543 0
6 11544 0
6 11546 0
6 11547 0
6 11548 0
6 11549 0
6 11550 0
6 11551 0
6 11552 0
6 11553 0
6 11555 0
6 11556 0
6 11557 0
6 11558 0
6 11559 0
6 11561 0
6 11562 0
6 11563 0
6 11564 0
6 11565 0
6 11567 0
6 11568 0
6 11569 0
6 11570 0
6 11572 0
6 11573 0
6 11574 0
6 11575 0
6 11576 0
6 11577 0
6 11580 0
6 11581 0
6 11582 0
6 11583 0
6 11584 0
6 11585 0
6 11586 0
6 11588 0
6 11589 0
6 11590 0
6 11592 0
6 11594 0
6 11595 0
6 11596 0
6 11597 0
6 11598 0
6 11599 0
6 11601 0
6 11602 0
6 11605 0
6 11606 0
6 11607 0
6 11608 0
6 11609 0
6 11611 0
6 11614 0
6 11615 0
6 11616 0
6 11617 0
6 11618 0
6 11619 0
6 11620 0
6 11621 0
6 11622 0
6 11623 0
6 11624 0
6 11625 0
6 11626 0
6 11627 0
6 11629 0
6 11630 0
6 11632 0
6 11633 0
6 11635 0
6 11636 0
6 11638 0
6 11639 0
6 11643 0
6 11646 0
6 11647 0
6 11648 0
6 11649 0
6 11650 0
6 11651 0
6 11653 0
6 11654 0
6 11655 0
6 11657 0
6 11659 0
6 11661 0
6 11662 0
6 11664 0
6 11665 0
6 11666 0
6 11667 0
6 11670 0
6 11671 0
6 11672 0
6 11673 0
6 11674 0
6 11675 0
6 11676 0
6 11678 0
6 11679 0
6 11680 0
6 11682 0
6 11684 0
6 11685 0
6 11686 0
6 11687 0
6 11688 0
6 11689 0
6 11690 0
6 11691 0
6 11692 0
6 11693 0
6 11694 0
6 11695 0
6 11696 0
6 11697 0
6 11698 0
6 11699 0
6 11700 0
6 11702 0
6 11703 0
6 11704 0
6 11705 0
6 11706 0
6 11707 0
6 11708 0
6 11709 0
6 11710 0
6 11712 0
6 11713 0
6 11714 0
6 11717 0
6 11718 0
6 11719 0
6 11720 0
6 11722 0
6 11723 0
6 11724 0
6 11725 0
6 11726 0
6 11727 0
6 11728 0
6 11729 0
6 11730 0
6 11731 0
6 11732 0
6 11735 0
6 11738 0
6 11739 0
6 11740 0
6 11741 0
6 11742 0
6 11744 0
6 11746 0
6 11747 0
6 11748 0
6 11752 0
6 11753 0
6 11754 0
6 11755 0
6 11756 0
6 11760 0
6 11762 0
6 11763 0
6 11764 0
6 11765 0
6 11766 0
6 11767 0
6 11768 0
6 11769 0
6 11770 0
6 11771 0
6 11774 0
6 11775 0
6 11776 0
6 11778 0
6 11779 0
6 11780 0
6 11781 0
6 11782 0
6 11783 0
6 11784 0
6 11785 0
6 11786 0
6 11788 0
6 11789 0
6 11790 0
6 11792 0
6 11794 0
6 11795 0
6 11796 0
6 11797 0
6 11798 0
6 11799 0
6 11800 0
6 11801 0
6 11802 0
6 11805 0
6 11806 0
6 11807 0
6 11808 0
6 11809 0
6 11810 0
6 11811 0
6 11812 0
6 11813 0
6 11814 0
6 11815 0
6 11816 0
6 11817 0
6 11818 0
6 11819 0
6 11820 0
6 11821 0
6 11822 0
6 11823 0
6 11824 0
6 11825 0
6 11826 0
6 11827 0
6 11828 0
6 11829 0
6 11831 0
6 11832 0
6 11833 0
6 11835 0
6 11836 0
6 11837 0
6 11838 0
6 11839 0
6 11840 0
6 11841 0
6 11844 0
6 11845 0
6 11846 0
6 11847 0
6 11848 0
6 11849 0
6 11851 0
6 11852 0
6 11853 0
6 11854 0
6 11855 0
6 11856 0
6 11857 0
6 11860 0
6 11861 0
6 11862 0
6 11865 0
6 11866 0
6 11867 0
6 11868 0
6 11870 0
6 11872 0
6 11873 0
6 11874 0
6 11875 0
6 11876 0
6 11878 0
6 11879 0
6 11880 0
6 11881 0
6 11882 0
6 11883 0
6 11885 0
6 11886 0
6 11888 0
6 11889 0
6 11890 0
6 11891 0
6 11892 0
6 11893 0
6 11894 0
6 11895 0
6 11896 0
6 11897 0
6 11898 0
6 11899 0
6 11900 0
6 11901 0
6 11903 0
6 11905 0
6 11907 0
6 11908 0
6 11909 0
6 11910 0
6 11911 0
6 11913 0
6 11914 0
6 11915 0
6 11916 0
6 11917 0
6 11918 0
6 11919 0
6 11920 0
6 11921 0
6 11922 0
6 11923 0
6 11924 0
6 11925 0
6 11926 0
6 11927 0
6 11928 0
6 11929 0
6 11930 0
6 11932 0
6 11933 0
6 11934 0
6 11935 0
6 11937 0
6 11938 0
6 11939 0
6 11940 0
6 11941 0
6 11942 0
6 11943 0
6 11944 0
6 11947 0
6 11948 0
6 11951 0
6 11952 0
6 11954 0
6 11955 0
6 11956 0
6 11958 0
6 11959 0
6 11960 0
6 11961 0
6 11965 0
6 11966 0
6 11967 0
6 11968 0
6 11969 0
6 11970 0
6 11971 0
6 11972 0
6 11973 0
6 11975 0
6 11976 0
6 11977 0
6 11979 0
6 11981 0
6 11982 0
6 11983 0
6 11984 0
6 11985 0
6 11986 0
6 11987 0
6 11988 0
6 11990 0
6 11991 0
6 11992 0
6 11994 0
6 11995 0
6 11996 0
6 11998 0
6 11999 0
6 12000 0
6 12002 0
6 12003 0
6 12005 0
6 12007 0
6 12008 0
6 12009 0
6 12010 0
6 12011 0
6 12012 0
6 12013 0
6 12017 0
6 12018 0
6 12019 0
6 12020 0
6 12021 0
6 12023 0
6 12024 0
6 12027 0
6 12028 0
6 12029 0
6 12030 0
6 12031 0
6 12032 0
6 12033 0
6 12034 0
6 12035 0
6 12037 0
6 12038 0
6 12039 0
6 12040 0
6 12041 0
6 12042 0
6 12043 0
6 12044 0
6 12045 0
6 12046 0
6 12047 0
6 12048 0
6 12049 0
6 12050 0
6 12051 0
6 12052 0
6 12053 0
6 12054 0
6 12056 0
6 12058 0
6 12059 0
6 12060 0
6 12062 0
6 12063 0
6 12065 0
6 12066 0
6 12071 0
6 12074 0
6 12075 0
6 12076 0
6 12077 0
6 12078 0
6 12079 0
6 12080 0
6 12081 0
6 12083 0
6 12086 0
6 12087 0
6 12088 0
6 12089 0
6 12090 0
6 12092 0
6 12093 0
6 12094 0
6 12095 0
6 12098 0
6 12100 0
6 12101 0
6 12104 0
6 12106 0
6 12107 0
6 12108 0
6 12109 0
6 12110 0
6 12111 0
6 12112 0
6 12113 0
6 12114 0
6 12115 0
6 12116 0
6 12117 0
6 12118 0
6 12119 0
6 12121 0
6 12123 0
6 12124 0
6 12125 0
6 12126 0
6 12127 0
6 12128 0
6 12131 0
6 12132 0
6 12133 0
6 12134 0
6 12135 0
6 12139 0
6 12140 0
6 12141 0
6 12142 0
6 12143 0
6 12144 0
6 12146 0
6 12149 0
6 12150 0
6 12151 0
6 12152 0
6 12153 0
6 12154 0
6 12155 0
6 12156 0
6 12157 0
6 12158 0
6 12159 0
6 12160 0
6 12161 0
6 12162 0
6 12164 0
6 12165 0
6 12166 0
6 12167 0
6 12168 0
6 12170 0
6 12171 0
6 12172 0
6 12173 0
6 12174 0
6 12175 0
6 12176 0
6 12177 0
6 12179 0
6 12180 0
6 12182 0
6 12183 0
6 12184 0
6 12185 0
6 12186 0
6 12187 0
6 12188 0
6 12189 0
6 12191 0
6 12192 0
6 12193 0
6 12194 0
6 12195 0
6 12196 0
6 12197 0
6 12198 0
6 12199 0
6 12200 0
6 12202 0
6 12203 0
6 12204 0
6 12205 0
6 12206 0
6 12207 0
6 12209 0
6 12212 0
6 12213 0
6 12214 0
6 12215 0
6 12216 0
6 12218 0
6 12219 0
6 12220 0
6 12221 0
6 12222 0
6 12224 0
6 12227 0
6 12229 0
6 12230 0
6 12231 0
6 12232 0
6 12233 0
6 12236 0
6 12237 0
6 12238 0
6 12239 0
6 12240 0
6 12242 0
6 12243 0
6 12245 0
6 12246 0
6 12249 0
6 12250 0
6 12251 0
6 12255 0
6 12256 0
6 12257 0
6 12260 0
6 12261 0
6 12262 0
6 12263 0
6 12264 0
6 12266 0
6 12273 0
6 12275 0
6 12280 0
6 12282 0
6 12285 0
6 12287 0
6 12288 0
6 12289 0
6 12292 0
6 12293 0
6 12295 0
6 12296 0
6 12297 0
6 12299 0
6 12300 0
6 12302 0
6 12303 0
6 12305 0
6 12306 0
6 12307 0
6 12308 0
6 12310 0
6 12311 0
6 12312 0
6 12314 0
6 12317 0
6 12320 0
6 12321 0
6 12322 0
6 12323 0
6 12324 0
6 12325 0
6 12326 0
6 12328 0
6 12329 0
6 12330 0
6 12331 0
6 12332 0
6 12333 0
6 12334 0
6 12335 0
6 12336 0
6 12337 0
6 12338 0
6 12339 0
6 12340 0
6 12341 0
6 12342 0
6 12343 0
6 12344 0
6 12345 0
6 12346 0
6 12347 0
6 12348 0
6 12349 0
6 12350 0
6 12352 0
6 12353 0
6 12354 0
6 12355 0
6 12356 0
6 12358 0
6 12360 0
6 12361 0
6 12362 0
6 12364 0
6 12365 0
6 12366 0
6 12367 0
6 12368 0
6 12369 0
6 12370 0
6 12372 0
6 12374 0
6 12375 0
6 12376 0
6 12377 0
6 12379 0
6 12380 0
6 12382 0
6 12384 0
6 12385 0
6 12386 0
6 12387 0
6 12388 0
6 12389 0
6 12394 0
6 12395 0
6 12396 0
6 12397 0
6 12398 0
6 12399 0
6 12401 0
6 12402 0
6 12403 0
6 12404 0
6 12405 0
6 12406 0
6 12407 0
6 12408 0
6 12409 0
6 12410 0
6 12411 0
6 12413 0
6 12414 0
6 12417 0
6 12418 0
6 12419 0
6 12422 0
6 12423 0
6 12425 0
6 12426 0
6 12427 0
6 12430 0
6 12433 0
6 12434 0
6 12436 0
6 12437 0
6 12439 0
6 12440 0
6 12441 0
6 12442 0
6 12444 0
6 12445 0
6 12447 0
6 12448 0
6 12451 0
6 12454 0
6 12455 0
6 12459 0
6 12460 0
6 12462 0
6 12465 0
6 12467 0
6 12469 0
6 12470 0
6 12471 0
6 12473 0
6 12475 0
6 12476 0
6 12477 0
6 12478 0
6 12479 0
6 12482 0
6 12483 0
6 12484 0
6 12485 0
6 12486 0
6 12488 0
6 12489 0
6 12490 0
6 12491 0
6 12493 0
6 12494 0
6 12495 0
6 12497 0
6 12498 0
6 12499 0
6 12505 0
6 12506 0
6 12511 0
6 12512 0
6 12513 0
6 12516 0
6 12517 0
6 12518 0
6 12519 0
6 12520 0
6 12521 0
6 12522 0
6 12524 0
6 12525 0
6 12526 0
6 12527 0
6 12528 0
6 12529 0
6 12530 0
6 12532 0
6 12533 0
6 12534 0
6 12535 0
6 12536 0
6 12538 0
6 12539 0
6 12540 0
6 12542 0
6 12544 0
6 12545 0
6 12548 0
6 12549 0
6 12550 0
6 12552 0
6 12553 0
6 12555 0
6 12556 0
6 12557 0
6 12558 0
6 12560 0
6 12561 0
6 12563 0
6 12564 0
6 12565 0
6 12566 0
6 12567 0
6 12568 0
6 12569 0
6 12570 0
6 12571 0
6 12572 0
6 12574 0
6 12575 0
6 12577 0
6 12578 0
6 12581 0
6 12582 0
6 12583 0
6 12585 0
6 12586 0
6 12587 0
6 12588 0
6 12589 0
6 12590 0
6 12592 0
6 12593 0
6 12594 0
6 12596 0
6 12597 0
6 12599 0
6 12600 0
6 12601 0
6 12602 0
6 12605 0
6 12607 0
6 12608 0
6 12610 0
6 12611 0
6 12613 0
6 12614 0
6 12617 0
6 12620 0
6 12621 0
6 12622 0
6 12623 0
6 12624 0
6 12625 0
6 12626 0
6 12627 0
6 12630 0
6 12631 0
6 12632 0
6 12633 0
6 12634 0
6 12635 0
6 12638 0
6 12639 0
6 12640 0
6 12641 0
6 12642 0
6 12643 0
6 12644 0
6 12647 0
6 12648 0
6 12649 0
6 12650 0
6 12651 0
6 12652 0
6 12653 0
6 12654 0
6 12655 0
6 12656 0
6 12658 0
6 12660 0
6 12661 0
6 12662 0
6 12664 0
6 12665 0
6 12666 0
6 12667 0
6 12668 0
6 12669 0
6 12670 0
6 12671 0
6 12673 0
6 12674 0
6 12675 0
6 12679 0
6 12680 0
6 12681 0
6 12682 0
6 12683 0
6 12684 0
6 12686 0
6 12687 0
6 12688 0
6 12689 0
6 12690 0
6 12692 0
6 12695 0
6 12696 0
6 12697 0
6 12698 0
6 12699 0
6 12700 0
6 12701 0
6 12702 0
6 12703 0
6 12705 0
6 12707 0
6 12708 0
6 12713 0
6 12716 0
6 12718 0
6 12719 0
6 12720 0
6 12722 0
6 12723 0
6 12724 0
6 12725 0
6 12727 0
6 12728 0
6 12729 0
6 12730 0
6 12731 0
6 12732 0
6 12733 0
6 12734 0
6 12735 0
6 12736 0
6 12737 0
6 12739 0
6 12740 0
6 12741 0
6 12742 0
6 12743 0
6 12744 0
6 12745 0
6 12746 0
6 12747 0
6 12748 0
6 12749 0
6 12750 0
6 12752 0
6 12753 0
6 12754 0
6 12755 0
6 12756 0
6 12757 0
6 12759 0
6 12760 0
6 12761 0
6 12762 0
6 12763 0
6 12764 0
6 12765 0
6 12766 0
6 12768 0
6 12769 0
6 12770 0
6 12771 0
6 12772 0
6 12773 0
6 12774 0
6 12776 0
6 12777 0
6 12778 0
6 12779 0
6 12780 0
6 12781 0
6 12782 0
6 12783 0
6 12784 0
6 12785 0
6 12786 0
6 12787 0
6 12788 0
6 12790 0
6 12791 0
6 12792 0
6 12794 0
6 12796 0
6 12798 0
6 12799 0
6 12800 0
6 12801 0
6 12802 0
6 12804 0
6 12806 0
6 12807 0
6 12808 0
6 12809 0
6 12812 0
6 12813 0
6 12814 0
6 12816 0
6 12818 0
6 12819 0
6 12846 0
6 12849 0
6 12850 0
6 12851 0
6 12852 0
6 12853 0
6 12854 0
6 12855 0
6 12856 0
6 12857 0
6 12859 0
6 12860 0
6 12861 0
6 12862 0
6 12863 0
6 12864 0
6 12865 0
6 12866 0
6 12868 0
6 12869 0
6 12870 0
6 12871 0
6 12873 0
6 12875 0
6 12876 0
6 12879 0
6 12881 0
6 12883 0
6 12884 0
6 12885 0
6 12886 0
6 12887 0
6 12888 0
6 12889 0
6 12890 0
6 12891 0
6 12892 0
6 12893 0
6 12894 0
6 12895 0
6 12896 0
6 12897 0
6 12898 0
6 12899 0
6 12900 0
6 12902 0
6 12903 0
6 12904 0
6 12905 0
6 12907 0
6 12908 0
6 12909 0
6 12910 0
6 12911 0
6 12913 0
6 12914 0
6 12915 0
6 12916 0
6 12917 0
6 12918 0
6 12919 0
6 12920 0
6 12921 0
6 12923 0
6 12924 0
6 12925 0
6 12926 0
6 12927 0
6 12929 0
6 12930 0
6 12931 0
6 12932 0
6 12933 0
6 12934 0
6 12935 0
6 12936 0
6 12938 0
6 12939 0
6 12941 0
6 12942 0
6 12943 0
6 12944 0
6 12945 0
6 12946 0
6 12947 0
6 12948 0
6 12949 0
6 12950 0
6 12951 0
6 12952 0
6 12953 0
6 12955 0
6 12956 0
6 12958 0
6 12959 0
6 12960 0
6 12961 0
6 12963 0
6 12964 0
6 12968 0
6 12969 0
6 12971 0
6 12973 0
6 12974 0
6 12975 0
6 12976 0
6 12978 0
6 12979 0
6 12980 0
6 12981 0
6 12982 0
6 12985 0
6 12986 0
6 12988 0
6 12989 0
6 12990 0
6 12991 0
6 12992 0
6 12993 0
6 12994 0
6 12995 0
6 13001 0
6 13003 0
6 13004 0
6 13006 0
6 13007 0
6 13008 0
6 13009 0
6 13010 0
6 13011 0
6 13012 0
6 13013 0
6 13014 0
6 13015 0
6 13016 0
6 13017 0
6 13018 0
6 13019 0
6 13020 0
6 13021 0
6 13022 0
6 13023 0
6 13024 0
6 13025 0
6 13026 0
6 13027 0
6 13028 0
6 13029 0
6 13030 0
6 13031 0
6 13032 0
6 13034 0
6 13035 0
6 13036 0
6 13037 0
6 13038 0
6 13039 0
6 13040 0
6 13041 0
6 13042 0
6 13043 0
6 13044 0
6 13045 0
6 13046 0
6 13047 0
6 13048 0
6 13049 0
6 13050 0
6 13051 0
6 13052 0
6 13053 0
6 13054 0
6 13055 0
6 13056 0
6 13057 0
6 13058 0
6 13059 0
6 13060 0
6 13063 0
6 13065 0
6 13066 0
6 13067 0
6 13068 0
6 13069 0
6 13070 0
6 13071 0
6 13072 0
6 13074 0
6 13075 0
6 13077 0
6 13078 0
6 13079 0
6 13080 0
6 13081 0
6 13082 0
6 13084 0
6 13085 0
6 13087 0
6 13088 0
6 13089 0
6 13090 0
6 13091 0
6 13092 0
6 13093 0
6 13097 0
6 13100 0
6 13101 0
6 13102 0
6 13103 0
6 13104 0
6 13106 0
6 13108 0
6 13109 0
6 13110 0
6 13111 0
6 13112 0
6 13114 0
6 13115 0
6 13117 0
6 13118 0
6 13119 0
6 13120 0
6 13122 0
6 13123 0
6 13125 0
6 13126 0
6 13129 0
6 13132 0
6 13135 0
6 13136 0
6 13139 0
6 13140 0
6 13141 0
6 13143 0
6 13144 0
6 13145 0
6 13146 0
6 13147 0
6 13148 0
6 13149 0
6 13150 0
